Energy extents: -9.850344080110776 9.956328748632988

Histogram of Energy:

Counts:
[ 13  23  33  55  85 102 135 153 220 211 254 267 312 339 365 377 428 486
 555 537 594 635 681 683 685 688 635 606 629 530 475 480 474 466 360 366
 349 284 243 202 167 120 104  72  60  45  21  11  10]

Bin Edges:
[-9.85034408 -9.44612627 -9.04190845 -8.63769064 -8.23347283 -7.82925502
 -7.4250372  -7.02081939 -6.61660158 -6.21238376 -5.80816595 -5.40394814
 -4.99973033 -4.59551251 -4.1912947  -3.78707689 -3.38285907 -2.97864126
 -2.57442345 -2.17020564 -1.76598782 -1.36177001 -0.9575522  -0.55333438
 -0.14911657  0.25510124  0.65931905  1.06353687  1.46775468  1.87197249
  2.2761903   2.68040812  3.08462593  3.48884374  3.89306156  4.29727937
  4.70149718  5.10571499  5.50993281  5.91415062  6.31836843  6.72258625
  7.12680406  7.53102187  7.93523968  8.3394575   8.74367531  9.14789312
  9.55211094  9.95632875]


- 
  action: "add_extracts"
  extracts: 
    e1: 
      type: "python"
      params: 
        file: "ascent_tutorial_python_extract_braid_histogram.py"


Energy extents: -9.850344080110776 9.956328748632988

Histogram of Energy:

Counts:
[ 13  23  33  55  85 102 135 153 220 211 254 267 312 339 365 377 428 486
 555 537 594 635 681 683 685 688 635 606 629 530 475 480 474 466 360 366
 349 284 243 202 167 120 104  72  60  45  21  11  10]

Bin Edges:
[-9.85034408 -9.44612627 -9.04190845 -8.63769064 -8.23347283 -7.82925502
 -7.4250372  -7.02081939 -6.61660158 -6.21238376 -5.80816595 -5.40394814
 -4.99973033 -4.59551251 -4.1912947  -3.78707689 -3.38285907 -2.97864126
 -2.57442345 -2.17020564 -1.76598782 -1.36177001 -0.9575522  -0.55333438
 -0.14911657  0.25510124  0.65931905  1.06353687  1.46775468  1.87197249
  2.2761903   2.68040812  3.08462593  3.48884374  3.89306156  4.29727937
  4.70149718  5.10571499  5.50993281  5.91415062  6.31836843  6.72258625
  7.12680406  7.53102187  7.93523968  8.3394575   8.74367531  9.14789312
  9.55211094  9.95632875]

Extract results match.
